140.0
140.1
140.3
140.4
140.5
140.6
140.8
140.9
141.0
141.1
141.2
141.3
141.4
141.5
141.6
141.8
141.9
142.0
142.1
142.2
142.8
142.9
143.0
143.1
143.8
143.9
144.0
144.1
144.8
144.9
145.0
145.1
145.2
145.3
145.4
145.5
145.6
145.8
145.9
146.0
146.1
146.2
146.3
146.4
146.5
146.6
146.7
146.8
146.9
147.0
147.1
147.2
147.3
147.8
147.9
148.0
148.1
148.2
148.3
148.8
148.9
149.0
149.1
149.8
149.9
150.0
150.1
150.2
150.3
150.4
150.5
150.8
150.9
151.0
151.1
151.2
151.3
151.4
151.5
151.6
151.8
151.9
152.0
152.1
152.2
152.3
152.8
152.9
153.0
153.1
153.2
153.3
153.4
153.5
153.6
153.7
153.8
153.9
154.0
154.1
154.8
155.0
155.1
155.2
156.0
156.1
156.2
156.8
156.9
157.0
157.1
157.2
157.3
157.4
157.8
157.9
158.0
158.8
158.9
159.0
159.1
159.8
159.9
160.0
160.1
160.2
160.3
160.4
160.5
160.8
160.9
161.0
161.1
161.2
161.3
161.8
161.9
162.0
162.2
162.3
162.4
162.5
162.8
162.9
163.0
163.1
163.8
163.9
164.0
164.1
164.2
164.3
164.8
164.9
165.0
165.8
165.9
170.0
170.1
170.2
170.3
170.4
170.5
170.6
170.7
170.8
170.9
171.0
171.2
171.3
171.4
171.5
171.6
171.7
171.8
171.9
172.0
172.1
172.2
172.3
172.4
172.5
172.6
172.7
172.8
172.9
173.00
173.01
173.02
173.09
173.10
173.11
173.12
173.19
173.20
173.21
173.22
173.29
173.30
173.31
173.32
173.39
173.40
173.41
173.42
173.49
173.50
173.51
173.52
173.59
173.60
173.61
173.62
173.69
173.70
173.71
173.72
173.79
173.80
173.81
173.82
173.89
173.90
173.91
173.92
173.99
174.0
174.1
174.2
174.3
174.4
174.5
174.6
174.8
174.9
175.0
175.9
176.0
176.1
176.2
176.3
176.4
176.5
176.8
176.9
179
180.0
180.1
180.8
180.9
181
182.0
182.1
182.8
183.0
183.2
183.3
183.4
183.5
183.8
183.9
184.0
184.1
184.2
184.3
184.4
184.8
184.9
185
186.0
186.9
187.1
187.2
187.3
187.4
187.5
187.6
187.7
187.8
187.9
188.0
188.1
188.2
188.3
188.4
188.5
188.6
188.7
188.8
188.9
189.0
189.1
189.2
189.3
189.4
189.8
189.9
190.0
190.1
190.2
190.3
190.4
190.5
190.6
190.7
190.8
190.9
191.0
191.1
191.2
191.3
191.4
191.5
191.6
191.7
191.8
191.9
192.0
192.1
192.2
192.3
192.8
192.9
194.0
194.1
194.3
194.4
194.5
194.6
194.8
194.9
195.0
195.1
195.2
195.3
195.4
195.5
195.8
196.0
196.1
196.2
196.3
196.5
196.6
196.8
196.9
197.5
200.00
200.01
200.02
200.03
200.04
200.05
200.06
200.07
200.08
200.10
200.11
200.12
200.13
200.14
200.15
200.16
200.17
200.18
200.20
200.21
200.22
200.23
200.24
200.25
200.26
200.27
200.28
200.30
200.31
200.32
200.33
200.34
200.35
200.36
200.37
200.38
200.40
200.41
200.42
200.43
200.44
200.45
200.46
200.47
200.48
200.50
200.51
200.52
200.53
200.54
200.55
200.56
200.57
200.58
200.60
200.61
200.62
200.63
200.64
200.65
200.66
200.67
200.68
200.70
200.71
200.72
200.73
200.74
200.75
200.76
200.77
200.78
200.80
200.81
200.82
200.83
200.84
200.85
200.86
200.87
200.88
201.00
201.01
201.02
201.03
201.04
201.05
201.06
201.07
201.08
201.10
201.11
201.12
201.13
201.14
201.15
201.16
201.17
201.18
201.20
201.21
201.22
201.23
201.24
201.25
201.26
201.27
201.28
201.40
201.41
201.42
201.43
201.44
201.45
201.46
201.47
201.48
201.50
201.51
201.52
201.53
201.54
201.55
201.56
201.57
201.58
201.60
201.61
201.62
201.63
201.64
201.65
201.66
201.67
201.68
201.70
201.71
201.72
201.73
201.74
201.75
201.76
201.77
201.78
201.90
201.91
201.92
201.93
201.94
201.95
201.96
201.97
201.98
202.00
202.01
202.02
202.03
202.04
202.05
202.06
202.07
202.08
202.10
202.11
202.12
202.13
202.14
202.15
202.16
202.17
202.18
202.20
202.21
202.22
202.23
202.24
202.25
202.26
202.27
202.28
202.30
202.31
202.32
202.33
202.34
202.35
202.36
202.37
202.38
202.40
202.41
202.42
202.43
202.44
202.45
202.46
202.47
202.48
202.50
202.51
202.52
202.53
202.54
202.55
202.56
202.57
202.58
202.60
202.61
202.62
202.63
202.64
202.65
202.66
202.67
202.68
202.70
202.71
202.72
202.73
202.74
202.75
202.76
202.77
202.78
202.80
202.81
202.82
202.83
202.84
202.85
202.86
202.87
202.88
202.90
202.91
202.92
202.93
202.94
202.95
202.96
202.97
202.98
203.00
203.01
203.02
203.10
203.11
203.12
203.80
203.81
203.82
204.00
204.01
204.10
204.11
204.20
204.21
204.80
204.81
204.90
204.91
205.00
205.01
205.10
205.11
205.20
205.21
205.30
205.31
205.80
205.81
205.90
205.91
206.00
206.01
206.10
206.11
206.20
206.21
206.80
206.81
206.90
206.91
207.00
207.01
207.10
207.11
207.20
207.21
207.80
207.81
208.00
208.01
208.10
208.11
208.20
208.21
208.80
208.81
208.90
